Omega_r               1
rho_min               0
rho_max               5
n                   300
Eigenvector corresponding to lowest eigenvalue:
0.0032159647
0.0064292676
0.0096372504
0.012837262
0.016026663
0.019202828
0.02236315
0.025505044
0.028625949
0.031723334
0.034794702
0.037837587
0.040849566
0.043828256
0.04677132
0.049676469
0.052541465
0.055364124
0.058142319
0.060873984
0.063557112
0.066189762
0.068770062
0.071296204
0.073766456
0.076179156
0.078532717
0.080825629
0.08305646
0.085223856
0.087326546
0.089363339
0.091333126
0.093234881
0.095067665
0.096830621
0.098522977
0.10014405
0.10169323
0.10317001
0.10457396
0.10590473
0.10716205
0.10834576
0.10945575
0.11049201
0.11145461
0.11234369
0.11315949
0.1139023
0.11457251
0.11517056
0.115697
0.1161524
0.11653745
0.11685287
0.11709946
0.11727809
0.11738967
0.1174352
0.1174157
0.11733228
0.11718607
0.11697827
0.11671012
0.11638291
0.11599795
0.11555663
0.11506033
0.11451049
0.11390859
0.11325612
0.1125546
0.11180558
0.11101062
0.11017132
0.10928927
0.10836609
0.1074034
0.10640285
0.10536607
0.1042947
0.1031904
0.1020548
0.10088955
0.09969629
0.098476644
0.097232234
0.095964668
0.09467554
0.093366432
0.092038906
0.090694506
0.089334757
0.08796116
0.086575195
0.085178315
0.083771947
0.082357493
0.080936325
0.079509783
0.078079181
0.076645798
0.075210881
0.073775644
0.072341268
0.070908898
0.069479644
0.068054581
0.066634748
0.065221145
0.06381474
0.062416459
0.061027194
0.0596478
0.058279093
0.056921853
0.055576823
0.054244709
0.05292618
0.051621868
0.050332372
0.049058251
0.047800033
0.046558207
0.045333232
0.044125529
0.042935489
0.041763468
0.040609794
0.039474758
0.038358626
0.03726163
0.036183975
0.035125837
0.034087366
0.033068683
0.032069883
0.031091038
0.030132195
0.029193377
0.028274585
0.027375797
0.026496971
0.025638047
0.024798942
0.023979558
0.023179778
0.022399469
0.021638482
0.020896653
0.020173805
0.019469745
0.018784271
0.018117167
0.017468207
0.016837156
0.016223766
0.015627784
0.015048948
0.014486987
0.013941627
0.013412584
0.012899572
0.012402298
0.011920467
0.011453779
0.011001932
0.010564621
0.010141538
0.0097323764
0.0093368268
0.0089545799
0.0085853263
0.0082287569
0.0078845637
0.0075524397
0.0072320795
0.0069231796
0.0066254386
0.0063385578
0.0060622411
0.0057961957
0.0055401317
0.005293763
0.0050568073
0.004828986
0.0046100248
0.0043996535
0.0041976065
0.0040036225
0.0038174452
0.0036388228
0.0034675085
0.0033032604
0.0031458416
0.0029950203
0.0028505699
0.0027122688
0.0025799006
0.0024532541
0.0023321235
0.0022163079
0.0021056117
0.0019998445
0.0018988209
0.0018023607
0.0017102889
0.0016224352
0.0015386345
0.0014587266
0.001382556
0.0013099721
0.001240829
0.0011749855
0.0011123048
0.0010526547
0.00099590732
0.00094193927
0.00089063124
0.00084186811
0.0007955388
0.00075153621
0.00070975711
0.00067010205
0.00063247527
0.00059678459
0.00056294135
0.00053086027
0.00050045942
0.00047166005
0.00044438657
0.0004185664
0.00039412993
0.00037101038
0.00034914376
0.00032846874
0.00030892659
0.00029046108
0.00027301841
0.00025654711
0.00024099797
0.00022632396
0.00021248016
0.00019942367
0.00018711352
0.00017551065
0.00016457778
0.00015427939
0.0001445816
0.00013545216
0.00012686034
0.00011877691
0.00011117404
0.00010402525
9.7305382e-05
9.0990514e-05
8.5057916e-05
7.9486e-05
7.4254265e-05
6.9343257e-05
6.4734514e-05
6.0410524e-05
5.6354683e-05
5.2551248e-05
4.8985301e-05
4.5642706e-05
4.2510076e-05
3.9574732e-05
3.6824669e-05
3.4248523e-05
3.1835537e-05
2.9575533e-05
2.7458877e-05
2.5476455e-05
2.3619639e-05
2.1880267e-05
2.0250611e-05
1.8723355e-05
1.729157e-05
1.5948692e-05
1.4688497e-05
1.3505082e-05
1.2392841e-05
1.1346449e-05
1.0360836e-05
9.431174e-06
8.5528538e-06
7.7214684e-06
6.9327945e-06
6.1827747e-06
5.4675007e-06
4.7831965e-06
4.1261981e-06
3.4929397e-06
2.8799342e-06
2.2837567e-06
1.7010266e-06
1.1283902e-06
5.6250055e-07

